4
4
4
4
11
11
11
11
11
13
13
13
13
17
17
17
24
30
30
30
37
37
37
41
33
33
33
35
35
45
41
41
48
48
35
36
36
36
29
21
20
20
20
31
31
37
51
51
55
66
66
68
68
68
68
61
61
56
56
56
67
72
80
80
96
96
103
103
103
111
111
132
132
132
139
139
148
148
153
153
153
153
153
158
165
174
174
174
174
174
174
176
178
178
181
193
193
193
193
211
211
220
224
231
234
234
229
229
235
235
235
225
225
225
225
225
220
231
231
231
231
225
227
230
230
230
221
221
232
239
237
237
249
252
251
260
273
273
279
270
274
274
274
304
296
296
296
296
300
306
317
317
317
317
317
304
324
324
326
326
326
333
325
325
325
325
325
325
332
332
335
335
335
335
337
337
337
337
342
342
360
360
360
369
369
369
359
359
359
347
351
335
333
333
333
328
312
308
304
303
299
300
300
300
300
295
295
289
289
289
284
284
287
285
281
290
284
272
268
268
268
270
270
262
262
246
246
235
235
233
233
223
221
222
222
229
226
226
217
217
217
213
213
213
205
189
183
188
188
184
184
175
175
179
181
181
175
175
169
162
165
165
150
145
145
132
132
130
130
128
128
128
104
104
104
122
122
122
115
116
116
125
127
123
123
133
139
150
150
150
148
148
148
148
148
131
131
131
125
107
107
107
107
107
107
107
105
102
102
102
102
99
99
99
88
77
77
73
73
73
73
64
64
56
56
49
49
49
49
43
43
43
35
45
45
45
45
38
34
34
34
39
39
48
56
56
50
50
44
44
57
63
63
63
63
63
68
66
66
66
66
66
66
71
62
64
64
68
76
76
76
84
84
92
92
83
83
86
83
65
61
61
61
59
59
59
59
56
31
31
31
31
10
10
10
10
10
10